127
127,Menu,
127,ESPN,
127,NFL,730
127,NBA,730
127,NCAAF,730
127,NCAAM,730
127,Soccer,730
127,MMA,730
127,
127,
127,Watch,730
127,Listen,730
127,Fantasy,730
127,
127,
127,Home,013127
127,Schedule,013127
127,Statistics,013127
127,Roster,013127
127,Tickets,0137172002424
127,POS,04127
127,HT,04127
127,WT,04127
127,Class,04127
127,
127,Kyle Ahrens,3937100
127,
127,Marcus Bingham Jr.,4397212
127,
127,Gabe Brown,4397210
127,
127,Braden Burke,4067925
127,
127,Conner George,3937102
127,
127,Malik Hall,4592693
127,
127,Joey Hauser,4295180
127,
127,Aaron Henry,4397209
127,
127,Jack Hoiberg,4277962
127,
127,Steven Izzo,4592692
127,
127,Thomas Kithier,4397211
127,
127,Joshua Langford,4066381
127,
127,Foster Loyer,4397208
127,
127,Julius Marble,4433031
127,
127,Xavier Tillman,4277964
127,
127,Brock Washington,4277963
127,
127,Rocket Watts,4432818
127,
127,Cassius Winston,4066382
127,Horvath scores 21 to lift UMBC over St. Mary&#x27;s (Md.) 79-57Brandon Horvath had 21 points, a career-high 15 rebounds and four assists as Maryland-Baltimore County routed Division III member St. Mary&#x27;s (Md.) 79-57 on Wednesday.,40118073521795721157957
127,San Jose St. will try to keep up with No. 19 ArizonaThere&#x27;s been something different about No. 19 Arizona through two games.,4011705711919
127,Minnesota signs Jamal Mashburn Jr., son of ex-NBA vetFormer NBA standout Jamal Mashburn&#x27;s son, Jamal Mashburn Jr., has signed his national letter of intent with Minnesota.,280735061164057
127,All NCAAM News,
127,127
127,Menu,
127,ESPN,
127,NFL,730
127,NBA,730
127,NCAAF,730
127,NCAAM,730
127,Soccer,730
127,MMA,730
127,
127,
127,Watch,730
127,Listen,730
127,Fantasy,730
127,
127,
127,Home,013127
127,Schedule,013127
127,Statistics,013127
127,Roster,013127
127,Tickets,0137172002424
127,POS,04127
127,HT,04127
127,WT,04127
127,Class,04127
127,
127,Kyle Ahrens,3937100
127,
127,Marcus Bingham Jr.,4397212
127,
127,Gabe Brown,4397210
127,
127,Braden Burke,4067925
127,
127,Conner George,3937102
127,
127,Malik Hall,4592693
127,
127,Joey Hauser,4295180
127,
127,Aaron Henry,4397209
127,
127,Jack Hoiberg,4277962
127,
127,Steven Izzo,4592692
127,
127,Thomas Kithier,4397211
127,
127,Joshua Langford,4066381
127,
127,Foster Loyer,4397208
127,
127,Julius Marble,4433031
127,
127,Xavier Tillman,4277964
127,
127,Brock Washington,4277963
127,
127,Rocket Watts,4432818
127,
127,Cassius Winston,4066382
127,Horvath scores 21 to lift UMBC over St. Mary&#x27;s (Md.) 79-57Brandon Horvath had 21 points, a career-high 15 rebounds and four assists as Maryland-Baltimore County routed Division III member St. Mary&#x27;s (Md.) 79-57 on Wednesday.,40118073521795721157957
127,San Jose St. will try to keep up with No. 19 ArizonaThere&#x27;s been something different about No. 19 Arizona through two games.,4011705711919
127,Minnesota signs Jamal Mashburn Jr., son of ex-NBA vetFormer NBA standout Jamal Mashburn&#x27;s son, Jamal Mashburn Jr., has signed his national letter of intent with Minnesota.,280735061164057
127,All NCAAM News,
127,127
127,
127,
127,
127,
127,
127,
127,
127,
127,
127,
127,
127,
127,
127,
127,
127,
127,
127,
127,
127,
127,
127,127
127,
127,
127,
127,
127,
127,
127,
127,
127,
127,
127,
127,
127,
127,
127,
127,
127,
127,
127,
127,
127,
127,127
127,
127,
127,
127,
127,
127,
127,
127,
127,
127,
127,
127,
127,
127,
127,
127,
127,
127,
127,
127,
127,
127,127
127,
127,
127,
127,
127,
127,
127,
127,
127,
127,
127,
127,
127,
127,
127,
127,
127,
127,
127,
127,
127,
127,127
127,
127,
127,
127,
127,
127,
127,
127,
127,
127,
127,
127,
127,
127,
127,
127,
127,
127,
127,
127,
127,
127,127
127,
127,
127,
127,
127,
127,
127,
127,
127,
127,
127,
127,
127,
127,
127,
127,
127,
127,
127,
127,
127,
127,127
127,
127,
127,
127,
127,
127,
127,
127,
127,
127,
127,
127,
127,
127,
127,
127,
127,
127,
127,
127,
127,
127,127
127,
127,
127,
127,
127,
127,
127,
127,
127,
127,
127,
127,
127,
127,
127,
127,
127,
127,
127,
127,
127,
127,127
127,
127,
127,
127,
127,
127,
127,
127,
127,
127,
127,
127,
127,
127,
127,
127,
127,
127,
127,
127,
127,
127,127
127,
127,
127,
127,
127,
127,
127,
127,
127,
127,
127,
127,
127,
127,
127,
127,
127,
127,
127,
127,
127,
127,127
127,
127,
127,
127,
127,
127,
127,
127,
127,
127,
127,
127,
127,
127,
127,
127,
127,
127,
127,
127,
127,
127,127
127,
127,
127,
127,
127,
127,
127,
127,
127,
127,
127,
127,
127,
127,
127,
127,
127,
127,
127,
127,
127,
127,127
127,
127,
127,
127,
127,
127,
127,
127,
127,
127,
127,
127,
127,
127,
127,
127,
127,
127,
127,
127,
127,
127,127
127,
127,
127,
127,
127,
127,
127,
127,
127,
127,
127,
127,
127,
127,
127,
127,
127,
127,
127,
127,
127,
127,127
127,
127,
127,
127,
127,
127,
127,
127,
127,
127,
127,
127,
127,
127,
127,
127,
127,
127,
127,
127,
127,
127,127
127,
127,
127,
127,
127,
127,
127,
127,
127,
127,
127,
127,
127,
127,
127,
127,
127,
127,
127,
127,
127,
127,127
127,
127,
127,
127,
127,
127,
127,
127,
127,
127,
127,
127,
127,
127,
127,
127,
127,
127,
127,
127,
127,
127,127
127,
127,
127,
127,
127,
127,
127,
127,
127,
127,
127,
127,
127,
127,
127,
127,
127,
127,
127,
127,
127,
127,127
127,
127,
127,
127,
127,
127,
127,
127,
127,
127,
127,
127,
127,
127,
127,
127,
127,
127,
127,
127,
127,
127,
127,127
127,
127,
127,
127,
127,
127,
127,
127,
127,
127,
127,
127,
127,
127,
127,
127,
127,
127,
127,
127,
127,
127,
127,2752
2752,
2752,
2752,
2752,
2752,
2752,
2752,
2752,
2752,
2752,
2752,
2752,
2752,
2752,
2752,
2752,
2752,
2752,
2752,
2752,
2752,
2752,93
93,
93,
93,
93,
93,
93,
93,
93,
93,
93,
93,
93,
93,
93,
93,
93,
93,
93,
93,228
228,
228,
228,
228,
228,
228,
228,
228,
228,
228,
228,
228,
228,
228,
228,
228,
228,
228,
228,
228,
228,145
145,
145,
145,
145,
145,
145,
145,
145,
145,
145,
145,
145,
145,
145,
145,
145,
145,
145,
145,
145,
145,2350
2350,
2350,
2350,
2350,
2350,
2350,
2350,
2350,
2350,
2350,
2350,
2350,
2350,
2350,
2350,
2350,
2350,
2350,
2350,
2350,
2350,264
264,
264,
264,
264,
264,
264,
264,
264,
264,
264,
264,
264,
264,
264,
264,
264,
264,
264,
264,
264,
264,
264,
264,
264,
264,2168
2168,
2168,
2168,
2168,
2168,
2168,
2168,
2168,
2168,
2168,
2168,
2168,
2168,
2168,
2168,
2168,
2168,
2168,
2168,
2168,
2168,2440
2440,
2440,
2440,
2440,
2440,
2440,
2440,
2440,
2440,
2440,
2440,
2440,
2440,
2440,
2440,
2440,
2440,
2440,
2440,
2440,61
61,
61,
61,
61,
61,
61,
61,
61,
61,
61,
61,
61,
61,
61,
61,
61,
61,
61,
61,
61,41
41,
41,
41,
41,
41,
41,
41,
41,
41,
41,
41,
41,
41,
41,
41,
41,
41,
41,
41,2335
2335,
2335,
2335,
2335,
2335,
2335,
2335,
2335,
2335,
2335,
2335,
2335,
2335,
2335,
2335,
2335,
2335,
2335,
2335,
2335,
2335,
2335,
2335,251
251,
251,
251,
251,
251,
251,
251,
251,
251,
251,
251,
251,
251,
251,
251,
251,
251,
251,2430
2430,
2430,
2430,
2430,
2430,
2430,
2430,
2430,
2430,
2430,
2430,
2430,
2430,
2430,
2430,
2430,
2430,
2430,
2430,
2430,221
221,
221,
221,
221,
221,
221,
221,
221,
221,
221,
221,
221,
221,
221,
221,
221,
221,
221,
221,
221,
221,
221,59
59,
59,
59,
59,
59,
59,
59,
59,
59,
59,
59,
59,
59,
59,
59,
59,
59,
59,
59,
59,
59,
59,2166
2166,
2166,
2166,
2166,
2166,
2166,
2166,
2166,
2166,
2166,
2166,
2166,
2166,
2166,
2166,
2166,
2166,
2166,
2166,
2166,
2166,2599
2599,
2599,
2599,
2599,
2599,
2599,
2599,
2599,
2599,
2599,
2599,
2599,
2599,
2599,
2599,
2599,
2599,
2599,
2599,130
130,
130,
130,
130,
130,
130,
130,
130,
130,
130,
130,
130,
130,
130,
130,
130,
130,
130,
130,
130,167
167,
167,
167,
167,
167,
167,
167,
167,
167,
167,
167,
167,
167,
167,
167,
167,
167,
167,
167,
167,
167,257
257,
257,
257,
257,
257,
257,
257,
257,
257,
257,
257,
257,
257,
257,
257,
257,
257,
257,
257,
257,2057
2057,
2057,
2057,
2057,
2057,
2057,
2057,
2057,
2057,
2057,
2057,
2057,
2057,
2057,
2057,
2057,
2057,
2057,
2057,
2057,
2057,
2057,2116
2116,
2116,
2116,
2116,
2116,
2116,
2116,
2116,
2116,
2116,
2116,
2116,
2116,
2116,
2116,
2116,
2116,
2116,
2116,
2116,
2116,213
213,
213,
213,
213,
213,
213,
213,
213,
213,
213,
213,
213,
213,
213,
213,
213,
213,
213,
213,
213,2579
2579,
2579,
2579,
2579,
2579,
2579,
2579,
2579,
2579,
2579,
2579,
2579,
2579,
2579,
2579,
2579,
2579,
2579,
2579,
2579,
2579,96
96,
96,
96,
96,
96,
96,
96,
96,
96,
96,
96,
96,
96,
96,
96,
96,
96,
96,
96,166
166,
166,
166,
166,
166,
166,
166,
166,
166,
166,
166,
166,
166,
166,
166,
166,
166,
166,
166,
166,
166,
166,
166,
166,204
204,
204,
204,
204,
204,
204,
204,
204,
204,
204,
204,
204,
204,
204,
204,
204,
204,
204,
204,
204,84
84,
84,
84,
84,
84,
84,
84,
84,
84,
84,
84,
84,
84,
84,
84,
84,
84,
84,
84,
84,
84,2628
2628,
2628,
2628,
2628,
2628,
2628,
2628,
2628,
2628,
2628,
2628,
2628,
2628,
2628,
2628,
2628,
2628,
2628,
2628,
2628,
2628,
2628,
2628,
2628,
2628,248
248,
248,
248,
248,
248,
248,
248,
248,
248,
248,
248,
248,
248,
248,
248,
248,
248,
248,2117
2117,
2117,
2117,
2117,
2117,
2117,
2117,
2117,
2117,
2117,
2117,
2117,
2117,
2117,
2117,
2117,
2117,
2117,
2117,
2117,
2117,
2117,305
305,
305,
305,
305,
305,
305,
305,
305,
305,
305,
305,
305,
305,
305,
305,
305,
305,
305,
305,
305,
305,
305,12
12,
12,
12,
12,
12,
12,
12,
12,
12,
12,
12,
12,
12,
12,
12,
12,
12,
12,
12,
12,
12,108
108,
108,
108,
108,
108,
108,
108,
108,
108,
108,
108,
108,
108,
108,
108,
108,
108,
108,
108,
108,
108,
108,
108,
108,2633
2633,
2633,
2633,
2633,
2633,
2633,
2633,
2633,
2633,
2633,
2633,
2633,
2633,
2633,
2633,
2633,
2633,
2633,
2633,2132
2132,
2132,
2132,
2132,
2132,
2132,
2132,
2132,
2132,
2132,
2132,
2132,
2132,
2132,
2132,
2132,
2132,
2132,
2132,
2132,
2132,
2132,275
275,
275,
275,
275,
275,
275,
275,
275,
275,
275,
275,
275,
275,
275,
275,
275,
275,
275,
275,
275,
275,2184
2184,
2184,
2184,
2184,
2184,
2184,
2184,
2184,
2184,
2184,
2184,
2184,
2184,
2184,
2184,
2184,
2184,
2184,
2184,
2184,258
258,
258,
258,
258,
258,
258,
258,
258,
258,
258,
258,
258,
258,
258,
258,
258,
258,
258,
258,
258,
258,9
9,
9,
9,
9,
9,
9,
9,
9,
9,
9,
9,
9,
9,
9,
9,
9,
9,
9,
9,
9,
9,
9,66
66,
66,
66,
66,
66,
66,
66,
66,
66,
66,
66,
66,
66,
66,
66,
66,
66,
66,
66,
66,
66,
66,194
194,
194,
194,
194,
194,
194,
194,
194,
194,
194,
194,
194,
194,
194,
194,
194,
194,
194,
194,
194,127
127,
127,
127,
127,
127,
127,
127,
127,
127,
127,
127,
127,
127,
127,
127,
127,
127,
127,
127,
127,
127,
127,
127,152
152,
152,
152,
152,
152,
152,
152,
152,
152,
152,
152,
152,
152,
152,
152,
152,
152,
152,
152,
152,2507
2507,
2507,
2507,
2507,
2507,
2507,
2507,
2507,
2507,
2507,
2507,
2507,
2507,
2507,
2507,
2507,
2507,
2507,
2507,
2507,30
30,
30,
30,
30,
30,
30,
30,
30,
30,
30,
30,
30,
30,
30,
30,
30,
30,
30,
30,
30,99
99,
99,
99,
99,
99,
99,
99,
99,
99,
99,
99,
99,
99,
99,
99,
99,
99,
99,
99,197
197,
197,
197,
197,
197,
197,
197,
197,
197,
197,
197,
197,
197,
197,
197,
197,
197,
197,
197,
197,97
97,
97,
97,
97,
97,
97,
97,
97,
97,
97,
97,
97,
97,
97,
97,
97,
97,
97,
97,
97,
97,120
120,
120,
120,
120,
120,
120,
120,
120,
120,
120,
120,
120,
120,
120,
120,
120,
120,
120,
120,
120,
120,2390
2390,
2390,
2390,
2390,
2390,
2390,
2390,
2390,
2390,
2390,
2390,
2390,
2390,
2390,
2390,
2390,
2390,
2390,2483
2483,
2483,
2483,
2483,
2483,
2483,
2483,
2483,
2483,
2483,
2483,
2483,
2483,
2483,
2483,
2483,
2483,
2483,
2483,
2483,222
222,
222,
222,
222,
222,
222,
222,
222,
222,
222,
222,
222,
222,
222,
222,
222,
222,
222,
222,150
150,
150,
150,
150,
150,
150,
150,
150,
150,
150,
150,
150,
150,
150,
150,
150,
150,
150,
150,2348
2348,
2348,
2348,
2348,
2348,
2348,
2348,
2348,
2348,
2348,
2348,
2348,
2348,
2348,
2348,
2348,
2348,
2348,
2348,
2348,2294
2294,
2294,
2294,
2294,
2294,
2294,
2294,
2294,
2294,
2294,
2294,
2294,
2294,
2294,
2294,
2294,
2294,
2294,
2294,
2294,
2294,2724
2724,
2724,
2724,
2724,
2724,
2724,
2724,
2724,
2724,
2724,
2724,
2724,
2724,
2724,
2724,
2724,
2724,
2724,
2724,
2724,
2724,2250
2250,
2250,
2250,
2250,
2250,
2250,
2250,
2250,
2250,
2250,
2250,
2250,
2250,
2250,
2250,
2250,
2250,
2250,57
57,
57,
57,
57,
57,
57,
57,
57,
57,
57,
57,
57,
57,
57,
57,
57,
57,
57,
57,87
87,
87,
87,
87,
87,
87,
87,
87,
87,
87,
87,
87,
87,
87,
87,
87,
87,68
68,
68,
68,
68,
68,
68,
68,
68,
68,
68,
68,
68,
68,
68,
68,
68,
68,
68,
68,
68,231
231,
231,
231,
231,
231,
231,
231,
231,
231,
231,
231,
231,
231,
231,
231,
231,
231,
231,
231,2193
2193,
2193,
2193,
2193,
2193,
2193,
2193,
2193,
2193,
2193,
2193,
2193,
2193,
2193,
2193,
2193,
2193,
2193,
2193,2305
2305,
2305,
2305,
2305,
2305,
2305,
2305,
2305,
2305,
2305,
2305,
2305,
2305,
2305,
2305,
2305,
2305,
2305,
2305,
2305,252
252,
252,
252,
252,
252,
252,
252,
252,
252,
252,
252,
252,
252,
252,
252,
252,
252,
252,
252,
252,
252,
252,344
344,
344,
344,
344,
344,
344,
344,
344,
344,
344,
344,
344,
344,
344,
344,
344,
344,
344,
344,
344,
344,
344,
344,
344,
344,156
156,
156,
156,
156,
156,
156,
156,
156,
156,
156,
156,
156,
156,
156,
156,
156,
156,
156,
156,
156,111
111,
111,
111,
111,
111,
111,
111,
111,
111,
111,
111,
111,
111,
111,
111,
111,
111,
111,328
328,
328,
328,
328,
328,
328,
328,
328,
328,
328,
328,
328,
328,
328,
328,
328,
328,
328,
328,
328,183
183,
183,
183,
183,
183,
183,
183,
183,
183,
183,
183,
183,
183,
183,
183,
183,
183,
183,
183,
183,
183,153
153,
153,
153,
153,
153,
153,
153,
153,
153,
153,
153,
153,
153,
153,
153,
153,
153,
153,
153,
153,
153,
153,
153,2086
2086,
2086,
2086,
2086,
2086,
2086,
2086,
2086,
2086,
2086,
2086,
2086,
2086,
2086,
2086,
2086,
2086,
2086,
2086,58
58,
58,
58,
58,
58,
58,
58,
58,
58,
58,
58,
58,
58,
58,
58,
58,
58,
58,
58,52
52,
52,
52,
52,
52,
52,
52,
52,
52,
52,
52,
52,
52,
52,
52,
52,
52,
52,
52,
52,
52,
52,21
21,
21,
21,
21,
21,
21,
21,
21,
21,
21,
21,
21,
21,
21,
21,
21,
21,
21,
21,
21,142
142,
142,
142,
142,
142,
142,
142,
142,
142,
142,
142,
142,
142,
142,
142,
142,
142,
142,
142,
142,98
98,
98,
98,
98,
98,
98,
98,
98,
98,
98,
98,
98,
98,
98,
98,
98,
98,
98,2641
2641,
2641,
2641,
2641,
2641,
2641,
2641,
2641,
2641,
2641,
2641,
2641,
2641,
2641,
2641,
2641,
2641,
2641,239
239,
239,
239,
239,
239,
239,
239,
239,
239,
239,
239,
239,
239,
239,
239,
239,
239,
239,
239,164
164,
164,
164,
164,
164,
164,
164,
164,
164,
164,
164,
164,
164,
164,
164,
164,
164,
164,
164,
164,269
269,
269,
269,
269,
269,
269,
269,
269,
269,
269,
269,
269,
269,
269,
269,
269,
269,
269,
269,
269,2439
2439,
2439,
2439,
2439,
2439,
2439,
2439,
2439,
2439,
2439,
2439,
2439,
2439,
2439,
2439,
2439,
2439,
2439,
2439,
2439,259
259,
259,
259,
259,
259,
259,
259,
259,
259,
259,
259,
259,
259,
259,
259,
259,
259,
259,
259,
259,2550
2550,
2550,
2550,
2550,
2550,
2550,
2550,
2550,
2550,
2550,
2550,
2550,
2550,
2550,
2550,
2550,
2550,
2550,
2550,356
356,
356,
356,
356,
356,
356,
356,
356,
356,
356,
356,
356,
356,
356,
356,
356,
356,
356,
356,
356,
356,227
227,
227,
227,
227,
227,
227,
227,
227,
227,
227,
227,
227,
227,
227,
227,
227,
227,
227,
227,103
103,
103,
103,
103,
103,
103,
103,
103,
103,
103,
103,
103,
103,
103,
103,
103,
103,
103,
103,
103,
103,
103,
103,2
2,
2,
2,
2,
2,
2,
2,
2,
2,
2,
2,
2,
2,
2,
2,
2,
2,
2,
2,
2,
2,
2,
2,
2,2509
2509,
2509,
2509,
2509,
2509,
2509,
2509,
2509,
2509,
2509,
2509,
2509,
2509,
2509,
2509,
2509,
2509,
2509,
2509,
2509,201
201,
201,
201,
201,
201,
201,
201,
201,
201,
201,
201,
201,
201,
201,
201,
201,
201,
201,
201,
201,2608
2608,
2608,
2608,
2608,
2608,
2608,
2608,
2608,
2608,
2608,
2608,
2608,
2608,
2608,
2608,
2608,
2608,
2608,
2608,
2608,2306
2306,
2306,
2306,
2306,
2306,
2306,
2306,
2306,
2306,
2306,
2306,
2306,
2306,
2306,
2306,
2306,
2306,
2306,
2306,8
8,
8,
8,
8,
8,
8,
8,
8,
8,
8,
8,
8,
8,
8,
8,
8,
8,
8,
8,46
46,
46,
46,
46,
46,
46,
46,
46,
46,
46,
46,
46,
46,
46,
46,
46,
46,
46,
46,
46,
46,
46,218
218,
218,
218,
218,
218,
218,
218,
218,
218,
218,
218,
218,
218,
218,
218,
218,
218,
218,
218,
218,
218,2670
2670,
2670,
2670,
2670,
2670,
2670,
2670,
2670,
2670,
2670,
2670,
2670,
2670,
2670,
2670,
2670,
2670,
2670,
2670,12
12,
12,
12,
12,
12,
12,
12,
12,
12,
12,
12,
12,
12,
12,
12,
12,
12,
12,
12,
12,
12,66
66,
66,
66,
66,
66,
66,
66,
66,
66,
66,
66,
66,
66,
66,
66,
66,
66,
66,
66,
66,
66,
66,269
269,
269,
269,
269,
269,
269,
269,
269,
269,
269,
269,
269,
269,
269,
269,
269,
269,
269,
269,
269,2250
2250,
2250,
2250,
2250,
2250,
2250,
2250,
2250,
2250,
2250,
2250,
2250,
2250,
2250,
2250,
2250,
2250,
2250,2507
2507,
2507,
2507,
2507,
2507,
2507,
2507,
2507,
2507,
2507,
2507,
2507,
2507,
2507,
2507,
2507,
2507,
2507,
2507,
2507,2509
2509,
2509,
2509,
2509,
2509,
2509,
2509,
2509,
2509,
2509,
2509,
2509,
2509,
2509,
2509,
2509,
2509,
2509,
2509,
2509,251
251,
251,
251,
251,
251,
251,
251,
251,
251,
251,
251,
251,
251,
251,
251,
251,
251,
251,252
252,
252,
252,
252,
252,
252,
252,
252,
252,
252,
252,
252,
252,
252,
252,
252,
252,
252,
252,
252,
252,
252,2294
2294,
2294,
2294,
2294,
2294,
2294,
2294,
2294,
2294,
2294,
2294,
2294,
2294,
2294,
2294,
2294,
2294,
2294,
2294,
2294,
2294,222
222,
222,
222,
222,
222,
222,
222,
222,
222,
222,
222,
222,
222,
222,
222,
222,
222,
222,
222,2057
2057,
2057,
2057,
2057,
2057,
2057,
2057,
2057,
2057,
2057,
2057,
2057,
2057,
2057,
2057,
2057,
2057,
2057,
2057,
2057,
2057,
2057,2628
2628,
2628,
2628,
2628,
2628,
2628,
2628,
2628,
2628,
2628,
2628,
2628,
2628,
2628,
2628,
2628,
2628,
2628,
2628,
2628,
2628,
2628,
2628,
2628,
2628,145
145,
145,
145,
145,
145,
145,
145,
145,
145,
145,
145,
145,
145,
145,
145,
145,
145,
145,
145,
145,
145,261
261,
261,
261,
261,
261,
261,
261,
261,
261,
261,
261,
261,
261,
261,
261,
261,
261,
261,
261,
261,
261,
261,2
2,
2,
2,
2,
2,
2,
2,
2,
2,
2,
2,
2,
2,
2,
2,
2,
2,
2,
2,
2,
2,
2,
2,
2,87
87,
87,
87,
87,
87,
87,
87,
87,
87,
87,
87,
87,
87,
87,
87,
87,
87,120
120,
120,
120,
120,
120,
120,
120,
120,
120,
120,
120,
120,
120,
120,
120,
120,
120,
120,
120,
120,
120,344
344,
344,
344,
344,
344,
344,
344,
344,
344,
344,
344,
344,
344,
344,
344,
344,
344,
344,
344,
344,
344,
344,
344,
344,
344,59
59,
59,
59,
59,
59,
59,
59,
59,
59,
59,
59,
59,
59,
59,
59,
59,
59,
59,
59,
59,
59,
59,153
153,
153,
153,
153,
153,
153,
153,
153,
153,
153,
153,
153,
153,
153,
153,
153,
153,
153,
153,
153,
153,
153,
153,58
58,
58,
58,
58,
58,
58,
58,
58,
58,
58,
58,
58,
58,
58,
58,
58,
58,
58,
58,2184
2184,
2184,
2184,
2184,
2184,
2184,
2184,
2184,
2184,
2184,
2184,
2184,
2184,
2184,
2184,
2184,
2184,
2184,
2184,
2184,264
264,
264,
264,
264,
264,
264,
264,
264,
264,
264,
264,
264,
264,
264,
264,
264,
264,
264,
264,
264,
264,
264,
264,
264,
264,197
197,
197,
197,
197,
197,
197,
197,
197,
197,
197,
197,
197,
197,
197,
197,
197,
197,
197,
197,
197,275
275,
275,
275,
275,
275,
275,
275,
275,
275,
275,
275,
275,
275,
275,
275,
275,
275,
275,
275,
275,
275,2670
2670,
2670,
2670,
2670,
2670,
2670,
2670,
2670,
2670,
2670,
2670,
2670,
2670,
2670,
2670,
2670,
2670,
2670,
2670,38
38,
38,
38,
38,
38,
38,
38,
38,
38,
38,
38,
38,
38,
38,
38,
38,
38,
38,
38,
38,
38,
38,2305
2305,
2305,
2305,
2305,
2305,
2305,
2305,
2305,
2305,
2305,
2305,
2305,
2305,
2305,
2305,
2305,
2305,
2305,
2305,
2305,96
96,
96,
96,
96,
96,
96,
96,
96,
96,
96,
96,
96,
96,
96,
96,
96,
96,
96,
96,218
218,
218,
218,
218,
218,
218,
218,
218,
218,
218,
218,
218,
218,
218,
218,
218,
218,
218,
218,
218,
218,259
259,
259,
259,
259,
259,
259,
259,
259,
259,
259,
259,
259,
259,
259,
259,
259,
259,
259,
259,
259,8
8,
8,
8,
8,
8,
8,
8,
8,
8,
8,
8,
8,
8,
8,
8,
8,
8,
8,
8,46
46,
46,
46,
46,
46,
46,
46,
46,
46,
46,
46,
46,
46,
46,
46,
46,
46,
46,
46,
46,
46,
46,156
156,
156,
156,
156,
156,
156,
156,
156,
156,
156,
156,
156,
156,
156,
156,
156,
156,
156,
156,
156,152
152,
152,
152,
152,
152,
152,
152,
152,
152,
152,
152,
152,
152,
152,
152,
152,
152,
152,
152,
152,213
213,
213,
213,
213,
213,
213,
213,
213,
213,
213,
213,
213,
213,
213,
213,
213,
213,
213,
213,
213,239
239,
239,
239,
239,
239,
239,
239,
239,
239,
239,
239,
239,
239,
239,
239,
239,
239,
239,
239,183
183,
183,
183,
183,
183,
183,
183,
183,
183,
183,
183,
183,
183,
183,
183,
183,
183,
183,
183,
183,
183,248
248,
248,
248,
248,
248,
248,
248,
248,
248,
248,
248,
248,
248,
248,
248,
248,
248,
248,52
52,
52,
52,
52,
52,
52,
52,
52,
52,
52,
52,
52,
52,
52,
52,
52,
52,
52,
52,
52,
52,
52,2306
2306,
2306,
2306,
2306,
2306,
2306,
2306,
2306,
2306,
2306,
2306,
2306,
2306,
2306,
2306,
2306,
2306,
2306,
2306,2086
2086,
2086,
2086,
2086,
2086,
2086,
2086,
2086,
2086,
2086,
2086,
2086,
2086,
2086,
2086,
2086,
2086,
2086,
2086,2579
2579,
2579,
2579,
2579,
2579,
2579,
2579,
2579,
2579,
2579,
2579,
2579,
2579,
2579,
2579,
2579,
2579,
2579,
2579,
2579,
2579,2132
2132,
2132,
2132,
2132,
2132,
2132,
2132,
2132,
2132,
2132,
2132,
2132,
2132,
2132,
2132,
2132,
2132,
2132,
2132,
2132,
2132,
2132,130
130,
130,
130,
130,
130,
130,
130,
130,
130,
130,
130,
130,
130,
130,
130,
130,
130,
130,
130,
130,356
356,
356,
356,
356,
356,
356,
356,
356,
356,
356,
356,
356,
356,
356,
356,
356,
356,
356,
356,
356,
356,2166
2166,
2166,
2166,
2166,
2166,
2166,
2166,
2166,
2166,
2166,
2166,
2166,
2166,
2166,
2166,
2166,
2166,
2166,
2166,
2166,
2166,84
84,
84,
84,
84,
84,
84,
84,
84,
84,
84,
84,
84,
84,
84,
84,
84,
84,
84,
84,
84,
84,2550
2550,
2550,
2550,
2550,
2550,
2550,
2550,
2550,
2550,
2550,
2550,
2550,
2550,
2550,
2550,
2550,
2550,
2550,
2550,2390
2390,
2390,
2390,
2390,
2390,
2390,
2390,
2390,
2390,
2390,
2390,
2390,
2390,
2390,
2390,
2390,
2390,
2390,150
150,
150,
150,
150,
150,
150,
150,
150,
150,
150,
150,
150,
150,
150,
150,
150,
150,
150,
150,61
61,
61,
61,
61,
61,
61,
61,
61,
61,
61,
61,
61,
61,
61,
61,
61,
61,
61,
61,
61,204
204,
204,
204,
204,
204,
204,
204,
204,
204,
204,
204,
204,
204,
204,
204,
204,
204,
204,
204,
204,127
127,
127,
127,
127,
127,
127,
127,
127,
127,
127,
127,
127,
127,
127,
127,
127,
127,
127,
127,
127,
127,
127,
127,135
135,
135,
135,
135,
135,
135,
135,
135,
135,
135,
135,
135,
135,
135,
135,
135,
135,
135,
135,277
277,
277,
277,
277,
277,
277,
277,
277,
277,
277,
277,
277,
277,
277,
277,
277,
277,
277,
277,2116
2116,
2116,
2116,
2116,
2116,
2116,
2116,
2116,
2116,
2116,
2116,
2116,
2116,
2116,
2116,
2116,
2116,
2116,
2116,
2116,
2116,194
194,
194,
194,
194,
194,
194,
194,
194,
194,
194,
194,
194,
194,
194,
194,
194,
194,
194,
194,
194,2439
2439,
2439,
2439,
2439,
2439,
2439,
2439,
2439,
2439,
2439,
2439,
2439,
2439,
2439,
2439,
2439,
2439,
2439,
2439,
2439,2641
2641,
2641,
2641,
2641,
2641,
2641,
2641,
2641,
2641,
2641,
2641,
2641,
2641,
2641,
2641,
2641,
2641,
2641,2752
2752,
2752,
2752,
2752,
2752,
2752,
2752,
2752,
2752,
2752,
2752,
2752,
2752,
2752,
2752,
2752,
2752,
2752,
2752,
2752,
2752,
2752,103
103,
103,
103,
103,
103,
103,
103,
103,
103,
103,
103,
103,
103,
103,
103,
103,
103,
103,
103,
103,
103,
103,
103,99
99,
99,
99,
99,
99,
99,
99,
99,
99,
99,
99,
99,
99,
99,
99,
99,
99,
99,
99,2633
2633,
2633,
2633,
2633,
2633,
2633,
2633,
2633,
2633,
2633,
2633,
2633,
2633,
2633,
2633,
2633,
2633,
2633,
2633,228
228,
228,
228,
228,
228,
228,
228,
228,
228,
228,
228,
228,
228,
228,
228,
228,
228,
228,
228,
228,
228,98
98,
98,
98,
98,
98,
98,
98,
98,
98,
98,
98,
98,
98,
98,
98,
98,
98,
98,2724
2724,
2724,
2724,
2724,
2724,
2724,
2724,
2724,
2724,
2724,
2724,
2724,
2724,
2724,
2724,
2724,
2724,
2724,
2724,
2724,
2724,227
227,
227,
227,
227,
227,
227,
227,
227,
227,
227,
227,
227,
227,
227,
227,
227,
227,
227,
227,305
305,
305,
305,
305,
305,
305,
305,
305,
305,
305,
305,
305,
305,
305,
305,
305,
305,
305,
305,
305,
305,
305,57
57,
57,
57,
57,
57,
57,
57,
57,
57,
57,
57,
57,
57,
57,
57,
57,
57,
57,
57,2608
2608,
2608,
2608,
2608,
2608,
2608,
2608,
2608,
2608,
2608,
2608,
2608,
2608,
2608,
2608,
2608,
2608,
2608,
2608,
2608,41
41,
41,
41,
41,
41,
41,
41,
41,
41,
41,
41,
41,
41,
41,
41,
41,
41,
41,
41,167
167,
167,
167,
167,
167,
167,
167,
167,
167,
167,
167,
167,
167,
167,
167,
167,
167,
167,
167,
167,
167,21
21,
21,
21,
21,
21,
21,
21,
21,
21,
21,
21,
21,
21,
21,
21,
21,
21,
21,
21,
21,2117
2117,
2117,
2117,
2117,
2117,
2117,
2117,
2117,
2117,
2117,
2117,
2117,
2117,
2117,
2117,
2117,
2117,
2117,
2117,
2117,
2117,
2117,164
164,
164,
164,
164,
164,
164,
164,
164,
164,
164,
164,
164,
164,
164,
164,
164,
164,
164,
164,
164,2599
2599,
2599,
2599,
2599,
2599,
2599,
2599,
2599,
2599,
2599,
2599,
2599,
2599,
2599,
2599,
2599,
2599,
2599,
2599,108
108,
108,
108,
108,
108,
108,
108,
108,
108,
108,
108,
108,
108,
108,
108,
108,
108,
108,
108,
108,
108,
108,
108,
108,93
93,
93,
93,
93,
93,
93,
93,
93,
93,
93,
93,
93,
93,
93,
93,
93,
93,
93,
93,328
328,
328,
328,
328,
328,
328,
328,
328,
328,
328,
328,
328,
328,
328,
328,
328,
328,
328,
328,
328,2483
2483,
2483,
2483,
2483,
2483,
2483,
2483,
2483,
2483,
2483,
2483,
2483,
2483,
2483,
2483,
2483,
2483,
2483,
2483,
2483,2335
2335,
2335,
2335,
2335,
2335,
2335,
2335,
2335,
2335,
2335,
2335,
2335,
2335,
2335,
2335,
2335,
2335,
2335,
2335,
2335,
2335,
2335,
2335,201
201,
201,
201,
201,
201,
201,
201,
201,
201,
201,
201,
201,
201,
201,
201,
201,
201,
201,
201,
201,257
257,
257,
257,
257,
257,
257,
257,
257,
257,
257,
257,
257,
257,
257,
257,
257,
257,
257,
257,
257,2193
2193,
2193,
2193,
2193,
2193,
2193,
2193,
2193,
2193,
2193,
2193,
2193,
2193,
2193,
2193,
2193,
2193,
2193,
2193,221
221,
221,
221,
221,
221,
221,
221,
221,
221,
221,
221,
221,
221,
221,
221,
221,
221,
221,
221,
221,
221,
221,68
68,
68,
68,
68,
68,
68,
68,
68,
68,
68,
68,
68,
68,
68,
68,
68,
68,
68,
68,
68,2350
2350,
2350,
2350,
2350,
2350,
2350,
2350,
2350,
2350,
2350,
2350,
2350,
2350,
2350,
2350,
2350,
2350,
2350,
2350,
2350,
2350,258
258,
258,
258,
258,
258,
258,
258,
258,
258,
258,
258,
258,
258,
258,
258,
258,
258,
258,
258,
258,
258,9
9,
9,
9,
9,
9,
9,
9,
9,
9,
9,
9,
9,
9,
9,
9,
9,
9,
9,
9,
9,
9,
9,30
30,
30,
30,
30,
30,
30,
30,
30,
30,
30,
30,
30,
30,
30,
30,
30,
30,
30,
30,
30,2440
2440,
2440,
2440,
2440,
2440,
2440,
2440,
2440,
2440,
2440,
2440,
2440,
2440,
2440,
2440,
2440,
2440,
2440,
2440,
2440,166
166,
166,
166,
166,
166,
166,
166,
166,
166,
166,
166,
166,
166,
166,
166,
166,
166,
166,
166,
166,
166,
166,
166,
166,2430
2430,
2430,
2430,
2430,
2430,
2430,
2430,
2430,
2430,
2430,
2430,
2430,
2430,
2430,
2430,
2430,
2430,
2430,
2430,
2430,142
142,
142,
142,
142,
142,
142,
142,
142,
142,
142,
142,
142,
142,
142,
142,
142,
142,
142,
142,
142,97
97,
97,
97,
97,
97,
97,
97,
97,
97,
97,
97,
97,
97,
97,
97,
97,
97,
97,
97,
97,
97,111
111,
111,
111,
111,
111,
111,
111,
111,
111,
111,
111,
111,
111,
111,
111,
111,
111,
111,231
231,
231,
231,
231,
231,
231,
231,
231,
231,
231,
231,
231,
231,
231,
231,
231,
231,
231,
231,2348
2348,
2348,
2348,
2348,
2348,
2348,
2348,
2348,
2348,
2348,
2348,
2348,
2348,
2348,
2348,
2348,
2348,
2348,
2348,
2348,2168
2168,
2168,
2168,
2168,
2168,
2168,
2168,
2168,
2168,
2168,
2168,
2168,
2168,
2168,
2168,
2168,
2168,
2168,
2168,
2168,
2168,